eye_gaze,1566007441024,20037,3508238020,-0.271652,0.019516,0.962189
eye_gaze,1566007441028,20038,3508246352,-0.271103,0.0195313,0.962341
eye_gaze,1566007441032,20038,3508246352,-0.271103,0.0195313,0.962341
eye_gaze,1566007441036,20039,3508254683,-0.271545,0.0199738,0.962204
eye_gaze,1566007441040,20039,3508254683,-0.271545,0.0199738,0.962204
eye_gaze,1566007441044,20040,3508263015,-0.27153,0.0185394,0.96225
eye_gaze,1566007441048,20040,3508263015,-0.27153,0.0185394,0.96225
eye_gaze,1566007441052,20041,3508271346,-0.271637,0.0186005,0.962219
eye_gaze,1566007441056,20041,3508271346,-0.271637,0.0186005,0.962219
eye_gaze,1566007441060,20042,3508279678,-0.271759,0.0169983,0.962204
eye_gaze,1566007441065,20042,3508279678,-0.271759,0.0169983,0.962204
eye_gaze,1566007441071,20043,3508288009,-0.271927,0.0176392,0.962143
eye_gaze,1566007441078,20044,3508296341,-0.272232,0.01651,0.962082
eye_gaze,1566007441083,20044,3508296341,-0.272232,0.01651,0.962082
eye_gaze,1566007441087,20045,3508304672,-0.272247,0.0176086,0.962051
eye_gaze,1566007441090,20045,3508304672,-0.272247,0.0176086,0.962051
eye_gaze,1566007441094,20046,3508313004,-0.273407,0.0178223,0.961731
eye_gaze,1566007441098,20046,3508313004,-0.273407,0.0178223,0.961731
eye_gaze,1566007441102,20047,3508321335,-0.273346,0.0178528,0.961746
eye_gaze,1566007441106,20047,3508321335,-0.273346,0.0178528,0.961746
eye_gaze,1566007441110,20048,3508329667,-0.274094,0.017868,0.961533
eye_gaze,1566007441114,20048,3508329667,-0.274094,0.017868,0.961533
eye_gaze,1566007441118,20049,3508337998,-0.274094,0.017868,0.961533
eye_gaze,1566007441122,20049,3508337998,-0.274048,0.0177307,0.961548
eye_gaze,1566007441127,20049,3508337998,-0.274048,0.0177307,0.961548
eye_gaze,1566007441131,20050,3508346330,-0.274185,0.0161896,0.961533
eye_gaze,1566007441141,20051,3508354661,-0.261154,0.0200958,0.965073
eye_gaze,1566007441183,20051,3508354661,-0.261154,0.0200958,0.965073
eye_gaze,1566007441187,20053,3508371324,-0.145233,0.0128784,0.989304
eye_gaze,1566007441191,20054,3508379656,-0.145233,0.0128784,0.989304
eye_gaze,1566007441195,20054,3508379656,-0.110107,0.0150452,0.993805
eye_gaze,1566007441199,20057,3508404651,-0.110107,0.0150452,0.993805
eye_gaze,1566007441203,20057,3508404651,-0.0745544,0.0110931,0.997147
eye_gaze,1566007441207,20058,3508412982,-0.0545044,0.010437,0.998444
eye_gaze,1566007441211,20058,3508412982,-0.0545044,0.010437,0.998444
eye_gaze,1566007441215,20059,3508421314,-0.0533905,0.00701904,0.998535
eye_gaze,1566007441219,20060,3508429645,-0.0509186,0.0144806,0.998596
eye_gaze,1566007441223,20060,3508429645,-0.0509186,0.0144806,0.998596
eye_gaze,1566007441227,20061,3508437977,-0.0531158,0.0102386,0.998535
eye_gaze,1566007441231,20061,3508437977,-0.0531158,0.0102386,0.998535
eye_gaze,1566007441235,20062,3508446308,-0.0522919,0.0102386,0.998566
eye_gaze,1566007441239,20062,3508446308,-0.0535431,0.00917053,0.99852
eye_gaze,1566007441243,20063,3508454640,-0.0535431,0.00917053,0.99852
eye_gaze,1566007441247,20064,3508462971,-0.0547485,0.00799561,0.998459
eye_gaze,1566007441251,20064,3508462971,-0.0547485,0.00799561,0.998459
eye_gaze,1566007441255,20065,3508471303,-0.0546875,0.00831604,0.998459
eye_gaze,1566007441259,20066,3508479634,-0.0546265,0.00895691,0.998459
eye_gaze,1566007441263,20066,3508479634,-0.0546265,0.00895691,0.998459
eye_gaze,1566007441267,20066,3508479634,-0.0546265,0.00895691,0.998459
eye_gaze,1566007441271,20067,3508487966,-0.0548401,0.00773621,0.998459
eye_gaze,1566007441275,20067,3508487966,-0.0548401,0.00773621,0.998459
eye_gaze,1566007441279,20068,3508496297,-0.0550537,0.00842285,0.998444
eye_gaze,1566007441283,20068,3508496297,-0.0550537,0.00842285,0.998444
eye_gaze,1566007441287,20069,3508504629,-0.055191,0.00892639,0.998428
eye_gaze,1566007441291,20069,3508504629,-0.055191,0.00892639,0.998428
eye_gaze,1566007441295,20070,3508512960,-0.0553284,0.00932312,0.998413
eye_gaze,1566007441299,20070,3508512960,-0.0553284,0.00932312,0.998413
eye_gaze,1566007441303,20071,3508521292,-0.0549011,0.00971985,0.998444
eye_gaze,1566007441307,20071,3508521292,-0.0549011,0.00971985,0.998444
eye_gaze,1566007441311,20072,3508529623,-0.0544739,0.0104065,0.998459
eye_gaze,1566007441315,20072,3508529623,-0.0544739,0.0104065,0.998459
eye_gaze,1566007441319,20073,3508537955,-0.0544891,0.0103912,0.998459
eye_gaze,1566007441323,20073,3508537955,-0.0544891,0.0103912,0.998459
eye_gaze,1566007441327,20074,3508546286,-0.0543976,0.0106201,0.998459
eye_gaze,1566007441331,20074,3508546286,-0.0543976,0.0106201,0.998459
eye_gaze,1566007441335,20075,3508554618,-0.053772,0.0105286,0.998489
eye_gaze,1566007441339,20075,3508554618,-0.053772,0.0105286,0.998489
eye_gaze,1566007441343,20076,3508562950,-0.0536499,0.0123291,0.998474
eye_gaze,1566007441347,20076,3508562950,-0.0536499,0.0123291,0.998474
eye_gaze,1566007441351,20077,3508571281,-0.0528107,0.0136261,0.998505
eye_gaze,1566007441355,20077,3508571281,-0.0528107,0.0136261,0.998505
eye_gaze,1566007441359,20078,3508579613,-0.0511627,0.0131531,0.998596
eye_gaze,1566007441365,20078,3508579613,-0.0511627,0.0131531,0.998596
eye_gaze,1566007441371,20079,3508587944,-0.0511627,0.0131531,0.998596
eye_gaze,1566007441375,20079,3508587944,-0.0500946,0.0115356,0.998672
eye_gaze,1566007441379,20080,3508596276,-0.0415955,0.0145721,0.999023
eye_gaze,1566007441383,20080,3508596276,-0.0415955,0.0145721,0.999023
eye_gaze,1566007441387,20081,3508604607,-0.00244141,0.0589447,0.998245
eye_gaze,1566007441391,20081,3508604607,-0.00244141,0.0589447,0.998245
eye_gaze,1566007441395,20082,3508612939,0.0289307,0.089798,0.995529
eye_gaze,1566007441399,20082,3508612939,0.0289307,0.089798,0.995529
eye_gaze,1566007441403,20083,3508621270,0.0508881,0.129288,0.990295
eye_gaze,1566007441407,20083,3508621270,0.0508881,0.129288,0.990295
eye_gaze,1566007441411,20084,3508629602,0.086319,0.1418,0.986115
eye_gaze,1566007441415,20084,3508629602,0.086319,0.1418,0.986115
eye_gaze,1566007441419,20085,3508637933,0.101089,0.140778,0.984863
eye_gaze,1566007441423,20085,3508637933,0.101089,0.140778,0.984863
eye_gaze,1566007441427,20086,3508646265,0.0988159,0.13855,0.985397
eye_gaze,1566007441431,20086,3508646265,0.0988159,0.13855,0.985397
eye_gaze,1566007441435,20087,3508654596,0.0923615,0.149612,0.984406
eye_gaze,1566007441439,20087,3508654596,0.0923615,0.149612,0.984406
eye_gaze,1566007441443,20088,3508662928,0.12619,0.18103,0.975342
eye_gaze,1566007441447,20088,3508662928,0.12619,0.18103,0.975342
eye_gaze,1566007441451,20089,3508671259,0.122116,0.174759,0.977005
eye_gaze,1566007441455,20089,3508671259,0.122116,0.174759,0.977005
eye_gaze,1566007441459,20090,3508679591,0.126419,0.172363,0.976883
eye_gaze,1566007441463,20090,3508679591,0.126419,0.172363,0.976883
eye_gaze,1566007441467,20090,3508679591,0.126419,0.172363,0.976883
eye_gaze,1566007441471,20091,3508687922,0.0991516,0.147659,0.984055
eye_gaze,1566007441475,20091,3508687922,0.0991516,0.147659,0.984055
eye_gaze,1566007441479,20092,3508696254,0.0976868,0.143784,0.984772
eye_gaze,1566007441483,20092,3508696254,0.0976868,0.143784,0.984772
eye_gaze,1566007441487,20093,3508704585,0.0961761,0.145157,0.984711
eye_gaze,1566007441491,20093,3508704585,0.0961761,0.145157,0.984711
eye_gaze,1566007441495,20094,3508712917,0.0965881,0.142105,0.985123
eye_gaze,1566007441499,20094,3508712917,0.0965881,0.142105,0.985123
eye_gaze,1566007441503,20095,3508721248,0.0981445,0.145233,0.984512
eye_gaze,1566007441507,20095,3508721248,0.0981445,0.145233,0.984512
eye_gaze,1566007441511,20096,3508729580,0.0968933,0.145004,0.984665
eye_gaze,1566007441515,20096,3508729580,0.0968933,0.145004,0.984665
eye_gaze,1566007441519,20097,3508737912,0.0981445,0.145233,0.984512
eye_gaze,1566007441523,20097,3508737912,0.0981445,0.145233,0.984512
eye_gaze,1566007441527,20098,3508746243,0.0996094,0.143021,0.98468
eye_gaze,1566007441531,20098,3508746243,0.0996094,0.143021,0.98468
eye_gaze,1566007441535,20099,3508754575,0.0991669,0.145279,0.984406
eye_gaze,1566007441539,20099,3508754575,0.0991669,0.145279,0.984406
eye_gaze,1566007441543,20100,3508762906,0.0991669,0.145279,0.984406
eye_gaze,1566007441547,20100,3508762906,0.098877,0.142944,0.984772
eye_gaze,1566007441551,20101,3508771238,0.098877,0.142944,0.984772
eye_gaze,1566007441555,20101,3508771238,0.0992737,0.13942,0.985229
eye_gaze,1566007441559,20102,3508779569,0.0992737,0.13942,0.985229
eye_gaze,1566007441563,20102,3508779569,0.110733,0.154785,0.98172
eye_gaze,1566007441567,20103,3508787901,0.110733,0.154785,0.98172
eye_gaze,1566007441571,20103,3508787901,0.121994,0.168243,0.978165
eye_gaze,1566007441575,20103,3508787901,0.121994,0.168243,0.978165
eye_gaze,1566007441579,20104,3508796232,0.122025,0.169037,0.978012
eye_gaze,1566007441583,20105,3508804564,0.122025,0.169037,0.978012
eye_gaze,1566007441587,20105,3508804564,0.122086,0.167358,0.978302
eye_gaze,1566007441590,20105,3508804564,0.122086,0.167358,0.978302
eye_gaze,1566007441594,20106,3508812895,0.121704,0.165802,0.978607
eye_gaze,1566007441598,20106,3508812895,0.121704,0.165802,0.978607
eye_gaze,1566007441602,20107,3508821227,0.123001,0.164383,0.978683
eye_gaze,1566007441606,20107,3508821227,0.123001,0.164383,0.978683
eye_gaze,1566007441610,20108,3508829558,0.124649,0.164703,0.978424
eye_gaze,1566007441613,20108,3508829558,0.124649,0.164703,0.978424
eye_gaze,1566007441617,20108,3508829558,0.125031,0.168823,0.977676
eye_gaze,1566007441621,20109,3508837890,0.125031,0.168823,0.977676
eye_gaze,1566007441625,20110,3508846221,0.125519,0.161942,0.978775
eye_gaze,1566007441629,20110,3508846221,0.125519,0.161942,0.978775
eye_gaze,1566007441633,20110,3508846221,0.125519,0.161942,0.978775
eye_gaze,1566007441637,20111,3508854553,0.124588,0.163116,0.978699
eye_gaze,1566007441641,20111,3508854553,0.124588,0.163116,0.978699
eye_gaze,1566007441645,20112,3508862884,0.163651,0.223969,0.960754
eye_gaze,1566007441649,20112,3508862884,0.163651,0.223969,0.960754
eye_gaze,1566007441653,20113,3508871216,0.141846,0.194153,0.970642
eye_gaze,1566007441657,20113,3508871216,0.141846,0.194153,0.970642
eye_gaze,1566007441661,20114,3508879547,0.121216,0.164276,0.978928
eye_gaze,1566007441665,20114,3508879547,0.121216,0.164276,0.978928
eye_gaze,1566007441669,20115,3508887879,0.120926,0.162933,0.979187
eye_gaze,1566007441673,20115,3508887879,0.120926,0.162933,0.979187
eye_gaze,1566007441677,20116,3508896211,0.120819,0.162109,0.97934
eye_gaze,1566007441681,20116,3508896211,0.120819,0.162109,0.97934
eye_gaze,1566007441684,20117,3508904542,0.120819,0.162109,0.97934
eye_gaze,1566007441689,20117,3508904542,0.120743,0.162369,0.979309
eye_gaze,1566007441693,20118,3508912874,0.120743,0.162369,0.979309
eye_gaze,1566007441696,20118,3508912874,0.120544,0.165466,0.978806
eye_gaze,1566007441701,20119,3508921205,0.12088,0.165146,0.978821
eye_gaze,1566007441704,20119,3508921205,0.12088,0.165146,0.978821
eye_gaze,1566007441708,20119,3508921205,0.12088,0.165146,0.978821
eye_gaze,1566007441712,20120,3508929537,0.120972,0.165451,0.97876
eye_gaze,1566007441716,20120,3508929537,0.120972,0.165451,0.97876
eye_gaze,1566007441720,20121,3508937868,0.121078,0.16626,0.978607
eye_gaze,1566007441724,20121,3508937868,0.121078,0.16626,0.978607
eye_gaze,1566007441728,20122,3508946200,0.121094,0.167084,0.97847
eye_gaze,1566007441732,20122,3508946200,0.121094,0.167084,0.97847
eye_gaze,1566007441736,20123,3508954531,0.12114,0.165573,0.978714
eye_gaze,1566007441739,20123,3508954531,0.12114,0.165573,0.978714
eye_gaze,1566007441743,20124,3508962863,0.119766,0.16423,0.979111
eye_gaze,1566007441747,20124,3508962863,0.119766,0.16423,0.979111
eye_gaze,1566007441751,20125,3508971194,0.119919,0.164032,0.979126
eye_gaze,1566007441755,20125,3508971194,0.119919,0.164032,0.979126
eye_gaze,1566007441759,20126,3508979526,0.0799713,0.11264,0.990402
eye_gaze,1566007441763,20126,3508979526,0.0799713,0.11264,0.990402
eye_gaze,1566007441767,20127,3508987857,0.0518646,0.0843353,0.995071
eye_gaze,1566007441771,20127,3508987857,0.0518646,0.0843353,0.995071
eye_gaze,1566007441775,20127,3508987857,0.0518646,0.0843353,0.995071
eye_gaze,1566007441779,20128,3508996189,0.0205841,0.0632477,0.997772
eye_gaze,1566007441783,20128,3508996189,0.0205841,0.0632477,0.997772
eye_gaze,1566007441787,20129,3509004520,0.000869751,0.0479126,0.99884
eye_gaze,1566007441791,20130,3509012852,0.000869751,0.0479126,0.99884
eye_gaze,1566007441795,20130,3509012852,-0.0052948,0.0131683,0.999893
eye_gaze,1566007441799,20130,3509012852,-0.0052948,0.0131683,0.999893
eye_gaze,1566007441803,20131,3509021183,0.00698853,0.0232697,0.999695
eye_gaze,1566007441807,20131,3509021183,0.00698853,0.0232697,0.999695
eye_gaze,1566007441811,20132,3509029515,-0.000717163,0.0305328,0.999527
eye_gaze,1566007441815,20132,3509029515,-0.000717163,0.0305328,0.999527
eye_gaze,1566007441819,20133,3509037846,0.00245667,0.0183716,0.999817
eye_gaze,1566007441823,20133,3509037846,0.00245667,0.0183716,0.999817
eye_gaze,1566007441827,20134,3509046178,-0.00163269,0.0249939,0.99968
eye_gaze,1566007441831,20134,3509046178,-0.00163269,0.0249939,0.99968
eye_gaze,1566007441835,20135,3509054509,0.00161743,0.0185089,0.999817
eye_gaze,1566007441839,20135,3509054509,0.00161743,0.0185089,0.999817
eye_gaze,1566007441843,20136,3509062841,-0.00120544,0.0145721,0.999878
eye_gaze,1566007441847,20136,3509062841,-0.00120544,0.0145721,0.999878
eye_gaze,1566007441851,20137,3509071173,-0.00563049,0.0162964,0.999847
eye_gaze,1566007441855,20137,3509071173,-0.00563049,0.0162964,0.999847
eye_gaze,1566007441859,20138,3509079504,-0.0067749,0.0190277,0.999786
eye_gaze,1566007441863,20138,3509079504,-0.0067749,0.0190277,0.999786
eye_gaze,1566007441866,20138,3509079504,-0.0067749,0.0190277,0.999786
eye_gaze,1566007441870,20139,3509087836,-0.00796509,0.0217743,0.999725
eye_gaze,1566007441874,20139,3509087836,-0.00796509,0.0217743,0.999725
eye_gaze,1566007441878,20140,3509096167,-0.0045929,0.0205078,0.999771
eye_gaze,1566007441883,20140,3509096167,-0.0045929,0.0205078,0.999771
eye_gaze,1566007441886,20141,3509104499,-0.00215149,0.0197906,0.999802
eye_gaze,1566007441891,20141,3509104499,-0.00215149,0.0197906,0.999802
eye_gaze,1566007441894,20142,3509112830,-0.00382996,0.0195007,0.999802
eye_gaze,1566007441898,20142,3509112830,-0.00382996,0.0195007,0.999802
eye_gaze,1566007441902,20143,3509121162,-0.00442505,0.0196228,0.999786
eye_gaze,1566007441906,20143,3509121162,-0.00442505,0.0196228,0.999786
eye_gaze,1566007441910,20144,3509129493,-0.00576782,0.0200958,0.999771
eye_gaze,1566007441914,20144,3509129493,-0.00576782,0.0200958,0.999771
eye_gaze,1566007441918,20144,3509129493,-0.00604248,0.0205688,0.999756
eye_gaze,1566007441922,20145,3509137825,-0.00604248,0.0205688,0.999756
eye_gaze,1566007441926,20146,3509146156,-0.00691223,0.0207062,0.999756
eye_gaze,1566007441930,20146,3509146156,-0.00691223,0.0207062,0.999756
eye_gaze,1566007441934,20147,3509154488,-0.00778198,0.0208588,0.999741
eye_gaze,1566007441938,20147,3509154488,-0.00778198,0.0208588,0.999741
eye_gaze,1566007441942,20147,3509154488,-0.00778198,0.0208588,0.999741
eye_gaze,1566007441946,20148,3509162819,-0.00756836,0.0208588,0.999741
eye_gaze,1566007441950,20148,3509162819,-0.00756836,0.0208588,0.999741
eye_gaze,1566007441954,20149,3509171151,-0.00735474,0.0207977,0.999756
eye_gaze,1566007441958,20150,3509179482,-0.00735474,0.0207977,0.999756
eye_gaze,1566007441962,20150,3509179482,-0.00819397,0.0205383,0.999741
eye_gaze,1566007441966,20150,3509179482,-0.00819397,0.0205383,0.999741
eye_gaze,1566007441970,20151,3509187814,-0.00978088,0.0252228,0.999619
eye_gaze,1566007441974,20151,3509187814,-0.00978088,0.0252228,0.999619
eye_gaze,1566007441978,20152,3509196145,-0.0396729,0.00836182,0.999176
eye_gaze,1566007441982,20152,3509196145,-0.0396729,0.00836182,0.999176
eye_gaze,1566007441986,20153,3509204477,-0.0463257,0.00389099,0.998917
eye_gaze,1566007441990,20153,3509204477,-0.0463257,0.00389099,0.998917
eye_gaze,1566007441994,20154,3509212808,-0.0489197,0.00511169,0.998779
eye_gaze,1566007441998,20154,3509212808,-0.0489197,0.00511169,0.998779
eye_gaze,1566007442002,20155,3509221140,-0.0484161,0.00540161,0.99881
eye_gaze,1566007442006,20155,3509221140,-0.0484161,0.00540161,0.99881
eye_gaze,1566007442010,20156,3509229472,-0.0510864,0.00559998,0.998672
eye_gaze,1566007442014,20156,3509229472,-0.0510864,0.00559998,0.998672
eye_gaze,1566007442018,20156,3509229472,-0.0510864,0.00559998,0.998672
eye_gaze,1566007442022,20157,3509237803,-0.0494995,0.00486755,0.998749
eye_gaze,1566007442026,20158,3509246135,-0.0494995,0.00486755,0.998749
eye_gaze,1566007442030,20158,3509246135,-0.050415,0.00404358,0.998718
eye_gaze,1566007442034,20159,3509254466,-0.050415,0.00404358,0.998718
eye_gaze,1566007442038,20159,3509254466,-0.050705,0.00422668,0.998703
eye_gaze,1566007442042,20159,3509254466,-0.050705,0.00422668,0.998703
eye_gaze,1566007442046,20160,3509262798,-0.0505829,0.00382996,0.998703
eye_gaze,1566007442050,20160,3509262798,-0.0505829,0.00382996,0.998703
eye_gaze,1566007442054,20161,3509271129,-0.0507813,0.00427246,0.998688
eye_gaze,1566007442058,20161,3509271129,-0.0507813,0.00427246,0.998688
eye_gaze,1566007442062,20162,3509279461,-0.0505676,0.00393677,0.998703
eye_gaze,1566007442066,20162,3509279461,-0.0505676,0.00393677,0.998703
eye_gaze,1566007442069,20163,3509287792,-0.0502777,0.00418091,0.998718
eye_gaze,1566007442072,20163,3509287792,-0.0502777,0.00418091,0.998718
eye_gaze,1566007442076,20164,3509296124,-0.0501862,0.00404358,0.998718
eye_gaze,1566007442080,20164,3509296124,-0.0501862,0.00404358,0.998718
eye_gaze,1566007442084,20165,3509304455,-0.050293,0.00428772,0.998718
eye_gaze,1566007442089,20165,3509304455,-0.050293,0.00428772,0.998718
eye_gaze,1566007442093,20166,3509312787,-0.050415,0.00439453,0.998718
eye_gaze,1566007442096,20166,3509312787,-0.050415,0.00439453,0.998718
eye_gaze,1566007442100,20167,3509321118,-0.0506592,0.00456238,0.998703
eye_gaze,1566007442104,20167,3509321118,-0.0506592,0.00456238,0.998703
eye_gaze,1566007442108,20167,3509321118,-0.0506592,0.00456238,0.998703
eye_gaze,1566007442112,20168,3509329450,-0.0504761,0.00479126,0.998703
eye_gaze,1566007442116,20168,3509329450,-0.0504761,0.00479126,0.998703
eye_gaze,1566007442120,20169,3509337781,-0.0509644,0.00480652,0.998688
eye_gaze,1566007442124,20169,3509337781,-0.0509644,0.00480652,0.998688
eye_gaze,1566007442128,20170,3509346113,-0.0515289,0.00572205,0.998642
eye_gaze,1566007442132,20170,3509346113,-0.0515289,0.00572205,0.998642
eye_gaze,1566007442136,20171,3509354444,-0.0514374,0.00558472,0.998657
eye_gaze,1566007442140,20171,3509354444,-0.0514374,0.00558472,0.998657
eye_gaze,1566007442144,20172,3509362776,-0.0515289,0.00622559,0.998642
eye_gaze,1566007442148,20172,3509362776,-0.0515289,0.00622559,0.998642
eye_gaze,1566007442152,20173,3509371107,-0.0515289,0.00634766,0.998642
eye_gaze,1566007442156,20173,3509371107,-0.0515289,0.00634766,0.998642
eye_gaze,1566007442160,20174,3509379439,-0.0508575,0.00602722,0.998672
eye_gaze,1566007442164,20174,3509379439,-0.0508575,0.00602722,0.998672
eye_gaze,1566007442168,20175,3509387770,-0.0508575,0.00601196,0.998672
eye_gaze,1566007442172,20175,3509387770,-0.0508575,0.00601196,0.998672
eye_gaze,1566007442176,20176,3509396102,-0.0508575,0.00601196,0.998672
eye_gaze,1566007442180,20176,3509396102,-0.0503998,0.00384521,0.998718
eye_gaze,1566007442184,20176,3509396102,-0.0503998,0.00384521,0.998718
eye_gaze,1566007442188,20177,3509404434,-0.0505981,0.00405884,0.998703
eye_gaze,1566007442191,20177,3509404434,-0.0505981,0.00405884,0.998703
eye_gaze,1566007442195,20178,3509412765,-0.0509796,0.00372314,0.998688
eye_gaze,1566007442199,20178,3509412765,-0.0509796,0.00372314,0.998688
eye_gaze,1566007442203,20179,3509421097,-0.0498505,0.00337219,0.998749
eye_gaze,1566007442207,20179,3509421097,-0.0498505,0.00337219,0.998749
eye_gaze,1566007442211,20180,3509429428,-0.0499268,0.00306702,0.998734
eye_gaze,1566007442215,20180,3509429428,-0.0499268,0.00306702,0.998734
eye_gaze,1566007442219,20181,3509437760,-0.0492859,0.00289917,0.998779
eye_gaze,1566007442223,20181,3509437760,-0.0492859,0.00289917,0.998779
eye_gaze,1566007442227,20182,3509446091,-0.0495148,0.00146484,0.998764
eye_gaze,1566007442231,20182,3509446091,-0.0495148,0.00146484,0.998764
eye_gaze,1566007442235,20183,3509454423,-0.0498352,0.0020752,0.998749
eye_gaze,1566007442239,20183,3509454423,-0.0498352,0.0020752,0.998749
eye_gaze,1566007442243,20184,3509462754,-0.0501709,0.00268555,0.998734
eye_gaze,1566007442247,20184,3509462754,-0.0501709,0.00268555,0.998734
eye_gaze,1566007442251,20185,3509471086,-0.0494843,0.0020752,0.998764
eye_gaze,1566007442255,20185,3509471086,-0.0494843,0.0020752,0.998764
eye_gaze,1566007442259,20186,3509479417,-0.0500793,0.00137329,0.998734
eye_gaze,1566007442263,20186,3509479417,-0.0500793,0.00137329,0.998734
eye_gaze,1566007442267,20187,3509487749,-0.049118,-0.00177002,0.998779
eye_gaze,1566007442271,20187,3509487749,-0.049118,-0.00177002,0.998779
eye_gaze,1566007442275,20188,3509496080,-0.0745697,0.00575256,0.997192
eye_gaze,1566007442279,20188,3509496080,-0.0745697,0.00575256,0.997192
eye_gaze,1566007442283,20188,3509496080,-0.0745697,0.00575256,0.997192
eye_gaze,1566007442287,20189,3509504412,-0.106262,-0.00038147,0.994324
eye_gaze,1566007442291,20189,3509504412,-0.106262,-0.00038147,0.994324
eye_gaze,1566007442295,20190,3509512743,-0.157913,0.00901794,0.987396
eye_gaze,1566007442299,20190,3509512743,-0.157913,0.00901794,0.987396
eye_gaze,1566007442303,20191,3509521075,-0.193161,0.0127411,0.981079
eye_gaze,1566007442307,20191,3509521075,-0.193161,0.0127411,0.981079
eye_gaze,1566007442311,20192,3509529406,-0.228516,0.024231,0.973236
eye_gaze,1566007442315,20192,3509529406,-0.228516,0.024231,0.973236
eye_gaze,1566007442319,20193,3509537738,-0.231461,0.0227203,0.972565
eye_gaze,1566007442323,20193,3509537738,-0.231461,0.0227203,0.972565
eye_gaze,1566007442327,20194,3509546069,-0.223083,0.0270844,0.974411
eye_gaze,1566007442331,20194,3509546069,-0.223083,0.0270844,0.974411
eye_gaze,1566007442335,20195,3509554401,-0.22702,0.0296326,0.973434
eye_gaze,1566007442339,20195,3509554401,-0.22702,0.0296326,0.973434
eye_gaze,1566007442343,20196,3509562733,-0.230652,0.0272369,0.972641
eye_gaze,1566007442347,20196,3509562733,-0.230652,0.0272369,0.972641
eye_gaze,1566007442351,20197,3509571064,-0.232498,0.0297394,0.972137
eye_gaze,1566007442355,20197,3509571064,-0.232498,0.0297394,0.972137
eye_gaze,1566007442359,20198,3509579396,-0.230789,0.0321655,0.972458
eye_gaze,1566007442363,20198,3509579396,-0.230789,0.0321655,0.972458
eye_gaze,1566007442367,20199,3509587727,-0.230347,0.0330963,0.972534
eye_gaze,1566007442371,20199,3509587727,-0.230347,0.0330963,0.972534
eye_gaze,1566007442375,20199,3509587727,-0.230347,0.0330963,0.972534
eye_gaze,1566007442379,20200,3509596059,-0.230637,0.0338898,0.972443
eye_gaze,1566007442383,20200,3509596059,-0.230637,0.0338898,0.972443
eye_gaze,1566007442387,20201,3509604390,-0.231339,0.0328217,0.972305
eye_gaze,1566007442390,20201,3509604390,-0.231339,0.0328217,0.972305
eye_gaze,1566007442394,20202,3509612722,-0.23204,0.0339966,0.972107
eye_gaze,1566007442398,20202,3509612722,-0.23204,0.0339966,0.972107
eye_gaze,1566007442402,20203,3509621053,-0.232025,0.0334473,0.972122
eye_gaze,1566007442406,20203,3509621053,-0.232025,0.0334473,0.972122
eye_gaze,1566007442409,20204,3509629385,-0.23201,0.0329895,0.972153
eye_gaze,1566007442413,20204,3509629385,-0.23201,0.0329895,0.972153
eye_gaze,1566007442417,20205,3509637716,-0.231979,0.0335388,0.972137
eye_gaze,1566007442421,20205,3509637716,-0.231979,0.0335388,0.972137
eye_gaze,1566007442425,20206,3509646048,-0.231766,0.0330658,0.972198
eye_gaze,1566007442429,20206,3509646048,-0.231766,0.0330658,0.972198
eye_gaze,1566007442433,20207,3509654379,-0.23053,0.0330658,0.972488
eye_gaze,1566007442437,20207,3509654379,-0.23053,0.0330658,0.972488
eye_gaze,1566007442441,20207,3509654379,-0.23053,0.0330658,0.972488
eye_gaze,1566007442445,20208,3509662711,-0.229187,0.0327606,0.972824
eye_gaze,1566007442449,20208,3509662711,-0.229187,0.0327606,0.972824
eye_gaze,1566007442453,20209,3509671042,-0.229813,0.032959,0.972672
eye_gaze,1566007442457,20209,3509671042,-0.229813,0.032959,0.972672
eye_gaze,1566007442461,20210,3509679374,-0.229935,0.0328369,0.972641
eye_gaze,1566007442465,20210,3509679374,-0.229935,0.0328369,0.972641
eye_gaze,1566007442469,20211,3509687705,-0.229263,0.0329742,0.972794
eye_gaze,1566007442473,20211,3509687705,-0.229263,0.0329742,0.972794
eye_gaze,1566007442477,20212,3509696037,-0.229416,0.032196,0.972778
eye_gaze,1566007442481,20212,3509696037,-0.229416,0.032196,0.972778
eye_gaze,1566007442485,20213,3509704368,-0.229538,0.0317535,0.972778
eye_gaze,1566007442489,20213,3509704368,-0.229538,0.0317535,0.972778
eye_gaze,1566007442493,20214,3509712700,-0.229568,0.0318146,0.972763
eye_gaze,1566007442497,20214,3509712700,-0.229568,0.0318146,0.972763
eye_gaze,1566007442501,20215,3509721031,-0.228439,0.0311584,0.973053
eye_gaze,1566007442505,20215,3509721031,-0.228439,0.0311584,0.973053
eye_gaze,1566007442508,20216,3509729363,-0.228622,0.0318451,0.972977
eye_gaze,1566007442512,20216,3509729363,-0.228622,0.0318451,0.972977
eye_gaze,1566007442516,20216,3509729363,-0.228622,0.0318451,0.972977
eye_gaze,1566007442520,20217,3509737695,-0.226898,0.0302429,0.973434
eye_gaze,1566007442524,20217,3509737695,-0.226898,0.0302429,0.973434
eye_gaze,1566007442528,20218,3509746026,-0.227798,0.0305939,0.973221
eye_gaze,1566007442532,20218,3509746026,-0.227798,0.0305939,0.973221
eye_gaze,1566007442536,20219,3509754358,-0.22821,0.0306549,0.973114
eye_gaze,1566007442540,20219,3509754358,-0.22821,0.0306549,0.973114
eye_gaze,1566007442544,20220,3509762689,-0.228851,0.0308533,0.972961
eye_gaze,1566007442548,20220,3509762689,-0.228851,0.0308533,0.972961
eye_gaze,1566007442552,20221,3509771021,-0.228943,0.0310974,0.972931
eye_gaze,1566007442556,20221,3509771021,-0.228943,0.0310974,0.972931
eye_gaze,1566007442560,20222,3509779352,-0.229355,0.0311279,0.972839
eye_gaze,1566007442564,20222,3509779352,-0.229355,0.0311279,0.972839
eye_gaze,1566007442568,20223,3509787684,-0.229309,0.0312958,0.972839
eye_gaze,1566007442572,20223,3509787684,-0.229309,0.0312958,0.972839
eye_gaze,1566007442575,20224,3509796015,-0.228348,0.0310211,0.973068
eye_gaze,1566007443531,20338,3510745809,-0.0575409,0.0354614,0.997711
eye_gaze,1566007443535,20339,3510754141,-0.0569153,0.025528,0.998047
eye_gaze,1566007443539,20339,3510754141,-0.0569153,0.025528,0.998047
eye_gaze,1566007443543,20340,3510762472,-0.0597839,0.0248566,0.997894
eye_gaze,1566007443547,20340,3510762472,-0.0597839,0.0248566,0.997894
eye_gaze,1566007443551,20341,3510770804,-0.059845,0.0283508,0.997803
eye_gaze,1566007443555,20341,3510770804,-0.059845,0.0283508,0.997803
eye_gaze,1566007443559,20342,3510779135,-0.0606842,0.0291443,0.997726
eye_gaze,1566007443563,20342,3510779135,-0.0606842,0.0291443,0.997726
eye_gaze,1566007443567,20342,3510779135,-0.0606842,0.0291443,0.997726
eye_gaze,1566007443571,20343,3510787467,-0.0615387,0.0278625,0.997711
eye_gaze,1566007443575,20343,3510787467,-0.0615387,0.0278625,0.997711
eye_gaze,1566007443579,20344,3510795798,-0.0619659,0.0271606,0.997696
eye_gaze,1566007443583,20344,3510795798,-0.0619659,0.0271606,0.997696
eye_gaze,1566007443587,20345,3510804130,-0.0623932,0.026825,0.997681
eye_gaze,1566007443591,20345,3510804130,-0.0623932,0.026825,0.997681
eye_gaze,1566007443595,20346,3510812461,-0.0639038,0.0276031,0.997559
eye_gaze,1566007443599,20346,3510812461,-0.0639038,0.0276031,0.997559
eye_gaze,1566007443603,20347,3510820793,-0.0654907,0.0283661,0.997437
eye_gaze,1566007443607,20347,3510820793,-0.0654907,0.0283661,0.997437
eye_gaze,1566007443611,20348,3510829124,-0.0664825,0.0292664,0.997345
eye_gaze,1566007443615,20348,3510829124,-0.0664825,0.0292664,0.997345
eye_gaze,1566007443619,20349,3510837456,-0.0675049,0.0301056,0.997253
eye_gaze,1566007443623,20349,3510837456,-0.0675049,0.0301056,0.997253
eye_gaze,1566007443627,20350,3510845787,-0.0678406,0.0297852,0.997238
eye_gaze,1566007443631,20350,3510845787,-0.0678406,0.0297852,0.997238
eye_gaze,1566007443634,20351,3510854119,-0.0681458,0.0308075,0.997192
eye_gaze,1566007443638,20351,3510854119,-0.0681458,0.0308075,0.997192
eye_gaze,1566007443642,20352,3510862450,-0.0684662,0.0312653,0.997162
eye_gaze,1566007443646,20352,3510862450,-0.0684662,0.0312653,0.997162
eye_gaze,1566007443650,20353,3510870782,-0.0688324,0.0320587,0.997101
eye_gaze,1566007443655,20353,3510870782,-0.0688324,0.0320587,0.997101
eye_gaze,1566007443658,20354,3510879113,-0.0697327,0.0318909,0.99704
eye_gaze,1566007443662,20354,3510879113,-0.0697327,0.0318909,0.99704
eye_gaze,1566007443666,20354,3510879113,-0.0697327,0.0318909,0.99704
eye_gaze,1566007443670,20355,3510887445,-0.0686646,0.0320587,0.997116
eye_gaze,1